paramFiles/wxMeanTempUSv1.asc
NCOLS 69
NROWS 33
XLLCORNER 178.75
YLLCORNER -1.25
CELLSIZE 2.5
NODATA_VALUE -9999
[rows 0 to 19 of 33, columns 0 to 45 of 69]
256.085068493151 255.98301369863 255.879452054794 255.790136986301 255.732808219178 255.721369863014 255.762191780822 255.852328767123 255.980205479452 256.119452054794 256.247465753425 256.334726027397 256.358219178082 256.304452054794 256.172808219178 255.976780821918 255.743082191781 255.50698630137 255.314383561644 255.205547945205 255.221232876712 255.387534246575 255.712876712329 256.18801369863 256.775753424657 257.422465753425 258.055205479452 258.596164383562 258.969589041096 259.10904109589 258.981301369863 258.584109589041 257.948082191781 257.137465753425 256.244589041096 255.370684931507 254.619520547945 254.066780821918 253.766095890411 253.726438356164 253.91698630137 254.271369863014 254.696849315068 255.093904109589 255.363767123288 255.432123287671
257.929863013699 257.829383561644 257.651301369863 257.432945205479 257.214863013699 257.044452054794 256.947945205479 256.933150684931 256.984589041096 257.070479452055 257.154520547945 257.213356164384 257.234178082192 257.221849315068 257.194520547945 257.170890410959 257.166849315068 257.19397260274 257.254109589041 257.360205479452 257.519178082192 257.755616438356 258.09904109589 258.576575342466 259.200342465753 259.953287671233 260.78698630137 261.614178082192 262.330136986301 262.822945205479 262.993904109589 262.783630136986 262.191712328767 261.271780821918 260.138150684931 258.936712328767 257.835616438356 256.976780821918 256.469452054794 256.356438356164 256.59897260274 257.09301369863 257.680136986301 258.164657534247 258.369178082192 258.150753424657
258.435684931507 258.388150684931 258.201232876712 257.939520547945 257.703767123288 257.580821917808 257.605 257.740205479452 257.897123287671 257.957191780822 257.838219178082 257.518424657534 257.061575342466 256.586780821918 256.237191780822 256.127328767123 256.298835616438 256.723698630137 257.309657534247 257.949246575342 258.541506849315 259.04404109589 259.460890410959 259.839657534246 260.245136986301 260.728493150685 261.300890410959 261.932328767123 262.548630136986 263.055616438356 263.364315068493 263.40705479452 263.165616438356 262.670342465753 261.996917808219 261.25198630137 260.55705479452 260.031849315068 259.775479452055 259.857534246575 260.300273972603 261.063630136986 262.032328767123 263.03205479452 263.835273972603 264.220547945205
262.664520547945 262.257397260274 261.520547945205 260.620136986301 259.787328767123 259.234246575342 259.077602739726 259.280616438356 259.688219178082 260.078287671233 260.261849315068 260.160479452055 259.840342465753 259.472260273973 259.252465753425 259.319589041096 259.682328767123 260.235068493151 260.803561643836 261.216506849315 261.385616438356 261.302808219178 261.049589041096 260.730616438356 260.450821917808 260.280136986301 260.233698630137 260.289726027397 260.383835616438 260.450547945205 260.432671232877 260.314589041096 260.129109589041 259.952123287671 259.871095890411 259.95095890411 260.198904109589 260.56095890411 260.942602739726 261.261438356164 261.480342465753 261.62095890411 261.760273972603 261.977191780822 262.330342465753 262.813698630137
265.835753424657 265.510753424657 264.982808219178 264.314452054794 263.59602739726 262.925136986301 262.394863013699 262.050273972603 261.868698630137 261.766438356164 261.644315068493 261.462123287671 261.296780821918 261.314315068493 261.696712328767 262.5 263.612602739726 264.781369863014 265.719246575342 266.233767123288 266.26595890411 265.87698630137 265.185616438356 264.300753424658 263.337534246575 262.412191780822 261.660136986301 261.17198630137 260.966780821918 260.951232876712 260.95198630137 260.793493150685 260.391232876712 259.819657534247 259.304657534247 259.119520547945 259.460068493151 260.343424657534 261.575068493151 262.825205479452 263.732465753425 264.017465753425 263.56102739726 262.46801369863 261.116438356164 260.090821917808
263.866643835616 263.937534246575 264.38698630137 265.050547945205 265.66698630137 266.035890410959 266.107260273973 265.995410958904 265.863082191781 265.799315068493 265.763630136986 265.661849315068 265.463698630137 265.297328767123 265.375342465753 265.824726027397 266.55705479452 267.311438356164 267.855616438356 268.127191780822 268.22397260274 268.228219178082 268.05801369863 267.517054794521 266.487260273973 265.093698630137 263.683287671233 262.637602739726 262.160684931507 262.181232876712 262.41301369863 262.488561643836 262.139178082192 261.318493150685 260.27301369863 259.437739726027 259.23904109589 259.863287671233 261.188767123288 262.87404109589 264.510273972603 265.706575342466 266.058356164383 265.258219178082 263.376712328767 261.156232876712
266.679383561644 267.027123287671 267.457328767123 267.871164383562 268.195547945205 268.407191780822 268.540136986301 268.667328767123 268.88904109589 269.280479452055 269.77595890411 270.153082191781 270.171575342466 269.823424657534 269.351712328767 269.02198630137 268.836780821918 268.524452054794 267.89904109589 267.174931506849 266.86397260274 267.277534246575 268.144246575342 268.770890410959 268.617123287671 267.715205479452 266.54705479452 265.575684931507 264.934452054794 264.484383561644 264.094383561644 263.736780821918 263.423630136986 263.128561643836 262.869452054794 262.818424657534 263.200205479452 264.013904109589 264.905205479452 265.429863013699 265.461780821918 265.295342465753 265.23897260274 265.116232876712 264.405410958904 263.030205479452
271.074178082192 271.899931506849 271.981575342466 271.473904109589 270.842260273973 270.474452054794 270.33904109589 270.120410958904 269.670890410959 269.263904109589 269.30801369863 269.808424657534 270.264315068493 270.170684931507 269.564452054794 268.968561643836 268.73301369863 268.606438356164 268.139383561644 267.42705479452 267.230273972603 268.182465753425 269.955753424657 271.431506849315 271.762602739726 271.084863013699 270.181095890411 269.553150684931 268.992328767123 268.069794520548 266.780479452055 265.621506849315 265.05 265.027671232877 265.178698630137 265.291095890411 265.566917808219 266.261643835616 267.153082191781 267.531438356164 266.918424657534 265.713493150685 264.919520547945 265.122945205479 265.852808219178 266.232260273973
274.077328767123 274.486506849315 274.325068493151 273.785821917808 273.359315068493 273.348630136986 273.521164383562 273.318082191781 272.574520547945 271.927397260274 272.32 273.982191780822 275.965890410959 276.897465753425 276.276575342466 274.86397260274 273.693493150685 272.898219178082 271.775684931507 270.094383561644 268.830547945205 269.203835616438 271.160136986301 273.229383561644 274.040068493151 273.584178082192 272.83102739726 272.395 272.001438356164 271.130616438356 269.795684931507 268.52397260274 267.813356164383 267.702260273973 267.757191780822 267.477602739726 266.823561643836 266.339452054794 266.574931506849 267.353082191781 267.871575342466 267.625273972603 267.030753424657 266.875273972603 267.355205479452 267.958287671233
275.619315068493 275.690479452055 275.734383561644 275.781438356164 275.841643835616 275.937123287671 276.078835616438 276.159246575342 276.106780821918 276.128698630137 276.736164383562 278.220890410959 280.114383561644 281.389109589041 281.390684931507 280.517534246575 279.646164383562 278.832054794521 277.092671232877 273.918219178082 270.611095890411 269.340068493151 270.788835616438 273.382328767123 275.134726027397 275.532534246575 275.270068493151 274.825136986301 274.120547945205 273.171780821918 272.251301369863 271.417671232877 270.552260273973 269.911780821918 269.925136986301 270.350753424657 270.358904109589 269.672602739726 269.014246575342 269.075068493151 269.565479452055 269.742671232877 269.402945205479 268.920479452055 268.586095890411 268.484589041096
276.265410958904 276.359109589041 276.600410958904 276.992123287671 277.22205479452 277.210890410959 277.271712328767 277.674452054794 278.30301369863 278.789520547945 278.891095890411 278.738835616438 278.721438356164 279.049657534247 279.533287671233 279.989794520548 280.594452054794 281.299520547945 281.136643835616 279.068493150685 275.737945205479 273.334383561644 273.20301369863 274.437808219178 275.453767123288 275.977123287671 276.524726027397 276.849383561644 276.263150684931 275.118150684931 274.497945205479 274.478561643836 274.055 272.960821917808 272.153082191781 272.125753424657 272.141575342466 271.664315068493 271.282123287671 271.502876712329 271.739383561644 271.354315068493 270.721095890411 270.418630136986 270.194863013699 269.700205479452
277.306506849315 277.320479452055 277.639726027397 278.016712328767 278.209452054794 278.325547945205 278.530068493151 278.716712328767 278.819178082192 279.047397260274 279.483424657534 279.80095890411 279.821232876712 279.895890410959 280.200136986301 280.390821917808 280.45595890411 281.014794520548 282.019589041096 282.098493150685 280.239794520548 277.31102739726 274.916438356164 273.512191780822 272.768493150685 273.039178082192 274.880273972603 277.314452054794 278.310616438356 277.371301369863 276.204246575342 276.164452054794 276.495410958904 276.017945205479 275.004863013699 274.228767123288 273.585479452055 272.94095890411 272.955068493151 273.752739726027 274.095821917808 273.179246575342 271.948767123288 271.519520547945 271.551095890411 271.26897260274
277.865136986301 278.319657534247 278.744589041096 278.92698630137 278.978493150685 279.176712328767 279.542534246575 279.703835616438 279.449383561644 279.237808219178 279.565205479452 280.111164383562 280.322534246575 280.450547945205 280.94198630137 281.377602739726 281.245068493151 281.147739726027 281.887054794521 282.870068493151 282.664452054794 280.865205479452 278.442534246575 276.507876712329 275.365616438356 275.043150684931 276.026780821918 278.353904109589 280.355890410959 280.115205479452 278.261712328767 277.169452054794 277.401438356164 277.390821917808 276.56904109589 276.044520547945 276.15205479452 276.001506849315 275.403287671233 275.043356164384 274.933219178082 274.548287671233 273.98 273.689931506849 273.802808219178 274.36205479452
279.784109589041 279.920136986301 279.809726027397 279.876917808219 280.115342465753 280.211369863014 280.254246575342 280.539794520548 280.936643835616 281.118424657534 281.194452054794 281.324589041096 281.380068493151 281.444452054794 281.846712328767 282.434931506849 282.760273972603 282.78801369863 282.820753424657 283.152602739726 283.827671232877 284.181095890411 283.492602739726 282.294931506849 281.428150684931 280.312260273973 278.669863013699 278.35904109589 280.313219178082 281.979452054794 281.218698630137 279.743287671233 279.564863013699 279.594863013699 278.671575342466 278.157671232877 278.975684931507 279.539383561644 278.618219178082 277.320547945205 276.904657534246 277.013082191781 276.831780821918 276.326164383562 276.142123287671 276.956575342466
281.440479452055 281.349657534247 281.389315068493 281.675410958904 282.067808219178 282.230410958904 282.125136986301 282.18904109589 282.48801369863 282.618904109589 282.640479452055 282.961095890411 283.452945205479 283.734589041096 283.724726027397 283.578082191781 283.702054794521 284.21904109589 284.386506849315 284.050821917808 284.376301369863 285.178287671233 284.421712328767 282.226095890411 280.996438356164 280.552123287671 278.694109589041 276.631712328767 277.550616438356 280.58102739726 282.14 281.68801369863 281.201643835616 281.075616438356 280.588150684931 280.319794520548 280.973356164384 281.626164383562 281.369383561644 280.845068493151 280.609794520548 280.092465753425 279.195890410959 278.735890410959 278.995205479452 279.633698630137
283.821575342466 284.189931506849 284.515205479452 284.333698630137 284.126232876712 284.360342465753 284.709109589041 284.885684931507 284.940821917808 284.882054794521 284.848904109589 284.926780821918 284.913630136986 284.960684931507 285.265479452055 285.371780821918 285.248630136986 285.579246575342 285.97705479452 285.699863013699 285.569178082192 285.883356164383 284.872260273973 282.260821917808 280.721438356164 281.283904109589 281.485547945205 279.809794520548 278.183424657534 278.853150684931 281.289109589041 283.161712328767 283.307465753425 282.70301369863 282.463424657534 282.442397260274 282.412671232877 282.62198630137 282.877191780822 282.844520547945 282.531506849315 281.930410958904 281.493424657534 281.944589041096 282.71301369863 282.873082191781
287.112534246575 287.229931506849 287.232739726027 287.148630136986 287.142808219178 287.266643835616 287.253356164383 287.149178082192 287.181301369863 287.245547945205 287.303082191781 287.359452054794 287.161712328767 286.956712328767 287.211369863014 287.432602739726 287.15198630137 286.941369863014 287.032397260274 286.847465753425 286.359794520548 286.138767123288 286.123561643836 285.320616438356 283.358082191781 282.015547945205 282.76698630137 283.303287671233 280.971232876712 278.456232876712 280.031712328767 284.025684931507 285.745547945205 285.170753424658 284.978835616438 285.084657534247 284.717671232877 284.737945205479 284.82897260274 283.948698630137 283.209794520548 283.86602739726 285.173767123288 286.210410958904 286.657328767123 286.575136986301
289.673082191781 289.471506849315 289.457123287671 289.71801369863 289.868493150685 289.817123287671 289.669109589041 289.605273972603 289.628835616438 289.464794520548 289.168219178082 289.10698630137 289.209726027397 289.123630136986 288.853835616438 288.647739726027 288.606369863014 288.555273972603 288.380890410959 288.168561643836 287.515410958904 286.43095890411 286.504178082192 287.502397260274 286.454383561644 284.027808219178 284.080410958904 285.155821917808 282.991780821918 279.966369863014 281.423767123288 285.964931506849 288.272602739726 287.731232876712 287.184178082192 287.239794520548 287.157465753425 287.064589041096 286.45595890411 284.994657534247 284.566643835616 286.377328767123 288.711712328767 290.01897260274 290.672534246575 291.152945205479
291.620410958904 291.632876712329 291.800616438356 291.649109589041 291.385 291.449383561644 291.675821917808 291.699109589041 291.556164383562 291.507397260274 291.444794520548 291.187123287671 290.950821917808 290.853767123288 290.70095890411 290.467534246575 290.285753424657 289.925753424658 289.258561643836 288.88897260274 288.524520547945 287.26397260274 286.470684931507 287.345068493151 288.219863013699 288.973630136986 290.583835616438 290.191575342466 286.41301369863 284.012602739726 285.861506849315 288.882191780822 290.30404109589 290.241506849315 289.480410958904 288.952876712329 288.947260273973 288.41801369863 287.243493150685 287.068150684931 288.503630136986 290.415 291.83698630137 292.565136986301 292.944657534247 293.305410958904
292.968698630137 293.137739726027 293.249657534247 293.219520547945 293.482465753425 293.707808219178 293.641575342466 293.407739726027 293.093630136986 292.972534246575 292.977260273973 292.767328767123 292.426506849315 292.136164383562 291.912191780822 291.580753424657 291.082054794521 290.697671232877 290.322054794521 289.810753424657 289.31397260274 288.549657534247 287.725136986301 287.430479452055 287.767602739726 289.884726027397 293.467671232877 293.962671232877 290.401917808219 288.521232876712 290.004931506849 290.821232876712 290.619246575342 291.27205479452 291.473698630137 290.866849315068 290.939863013699 290.69801369863 289.774178082192 290.708767123288 293.187123287671 294.401301369863 294.458561643836 294.440273972603 294.200547945205 294.193150684931
