paramFiles/wxRHUS.asc
NCOLS 61
NROWS 33
XLLCORNER 178.75
YLLCORNER -1.25
CELLSIZE 2.5
NODATA_VALUE -9999
73 77 78 77 75 74 75 77 83 89 92 93 91 91 90 85 79 77 75 74 73 72 72 72 78 83 87 89 94 100 100 100 100 100 99 100 100 100 100 100 100 100 100 100 100 100 100 100 100 100 100 100 100 100 88 68 46 26.9999999999999 15.9999999999999 14.9999999999999 22.9999999999999
100 100 98 83 72 70 79 98 100 100 100 100 100 100 100 100 100 100 100 100 100 100 100 98 98 100 100 100 100 100 100 100 100 100 100 100 98 100 100 100 100 100 99 99 96 90 81 68 54 57 62 68 75 83 91 99 100 100 100 100 96
78 65 62 63 69 77 87 95 100 100 100 81 47 12.9999999999999 -5.6843418860808e-14 -5.6843418860808e-14 -5.6843418860808e-14 36 72 97 100 100 100 98 97 100 100 100 100 100 100 100 89 88 88 91 97 100 100 100 100 100 100 94 88 90 91 92 90 87 88 82 71 70 75 86 99 100 100 100 100
100 100 100 98 94 83 69 87 100 100 100 100 100 87 74 72 80 88 100 100 100 100 100 92 87 88 100 100 100 100 100 87 76 72 70 73 86 100 100 100 100 100 100 100 100 100 100 100 95 85 78 82 86 92 99 100 100 100 99 90 88
96 93 93 96 100 100 100 98 91 91 93 94 93 91 93 95 96 94 90 95 100 100 100 100 100 100 86 80 84 95 100 98 93 97 100 100 100 100 100 100 99 93 97 100 100 100 87 86 87 93 85 81 87 100 100 100 100 49 -5.6843418860808e-14 18.9999999999999 68
84 78 84 95 100 97 94 99 97 98 100 100 98 94 91 90 92 97 100 98 92 89 91 100 100 100 100 41 6.99999999999994 41 83 100 100 100 100 93 75 86 88 89 99 100 100 100 100 80 48 66 93 100 96 91 96 100 70 -5.6843418860808e-14 -5.6843418860808e-14 52 85 100 100
100 100 100 100 100 96 98 100 100 100 100 100 100 100 100 97 96 100 100 100 100 94 97 100 100 100 100 100 100 100 100 100 100 100 100 96 98 100 100 100 91 83 98 100 100 92 74 71 86 91 87 94 100 70 -5.6843418860808e-14 -5.6843418860808e-14 100 100 100 84 79
97 94 92 92 92 97 100 100 100 100 100 100 100 100 100 99 94 94 93 93 92 96 100 100 100 99 78 86 94 97 100 100 96 100 100 100 95 89 86 96 94 89 76 86 100 100 96 81 75 76 82 91 100 100 98 100 99 81 68 60 67
98 96 97 99 98 94 95 98 100 100 100 100 100 100 100 100 97 100 100 100 100 98 100 100 100 100 100 100 100 100 100 100 100 100 100 100 100 91 83 93 100 100 100 87 97 100 100 87 73 73 83 92 96 100 97 89 78 72 65 67 73
93 95 99 98 93 88 87 92 99 100 100 100 97 93 92 90 91 93 95 100 96 91 95 99 97 95 95 97 97 98 98 99 100 100 93 92 96 96 85 78 84 100 100 100 100 100 100 95 82 83 90 94 91 83 80 78 75 73 76 83 84
97 97 100 97 94 87 82 82 84 87 87 86 95 100 100 100 97 93 92 97 100 99 96 99 99 98 98 100 100 100 96 94 97 97 93 94 98 100 100 94 94 94 98 100 100 96 98 100 100 94 98 100 98 89 81 84 85 84 87 89 85
100 100 100 99 96 93 88 88 91 90 87 91 91 96 97 100 100 94 87 87 94 99 99 97 100 100 98 94 96 100 100 91 92 100 100 100 97 81 90 100 100 100 100 100 98 93 92 95 98 99 100 100 100 99 96 90 93 95 93 88 85
99 100 97 95 95 95 92 89 89 89 90 97 97 95 98 98 93 88 87 83 88 98 100 100 100 96 96 94 92 100 100 98 95 100 100 100 100 94 90 96 96 94 100 100 94 93 95 95 93 99 100 99 99 100 99 95 91 93 94 92 94
97 99 99 97 93 88 83 79 79 78 81 88 94 99 100 98 95 93 91 92 93 92 99 100 100 100 99 97 94 98 100 94 100 100 100 93 100 91 97 100 90 98 100 98 88 92 97 93 92 99 100 92 87 93 98 93 93 94 93 93 89
92 95 91 89 86 85 84 84 81 81 87 96 99 99 100 96 100 100 98 100 93 87 95 100 100 100 100 91 89 90 100 88 81 100 91 95 100 91 86 88 84 90 100 93 87 93 100 95 82 92 100 100 98 94 95 94 91 98 92 90 87
94 91 90 88 89 86 84 83 88 90 94 97 92 92 98 100 100 100 100 100 93 86 96 100 96 100 98 100 100 95 90 96 100 100 92 93 89 88 90 100 100 94 88 69 69 80 93 91 79 80 86 98 100 95 92 91 89 94 89 83 82
87 88 94 94 89 83 81 83 86 84 87 94 89 93 96 100 100 100 98 97 89 80 91 100 74 54 73 93 95 97 95 86 88 100 100 93 86 88 97 100 91 80 73 67 73 79 84 88 86 78 73 83 94 91 88 89 88 90 84 82 81
83 86 88 85 80 75 77 78 80 80 76 84 85 97 100 99 98 99 94 95 92 97 95 100 73 21.9999999999999 46 91 95 91 100 100 96 86 91 98 98 94 97 95 74 62 64 75 80 83 81 82 80 78 75 79 90 92 88 87 87 86 76 81 78
76 75 72 72 69 68 73 79 80 83 85 93 100 100 97 94 94 89 90 98 96 98 93 100 86 51 50 66 80 84 100 100 100 100 90 93 100 91 78 80 76 61 59 76 82 81 78 81 83 83 81 84 84 87 85 84 80 75 74 79 78
72 71 70 64 67 76 71 77 82 88 91 92 96 98 94 91 91 85 83 90 92 90 89 96 96 75 56 32 36 80 100 100 96 100 100 95 100 100 86 69 70 64 73 80 81 83 79 75 80 81 85 88 91 93 89 83 73 67 67 69 74
70 73 71 74 72 71 68 78 84 89 93 92 89 88 87 84 81 77 77 81 86 87 85 83 90 87 69 50 44 58 97 100 100 100 93 91 78 78 69 65 72 74 85 82 75 71 70 74 81 81 85 92 94 93 87 79 78 77 79 80 83
66 71 71 70 71 67 74 85 88 90 88 89 85 84 83 82 78 77 77 81 85 82 79 78 83 86 81 66 54 33 56 100 100 100 91 82 68 66 60 56 66 76 79 75 69 71 79 88 90 86 88 91 92 93 92 89 89 88 90 87 84
69 67 67 72 76 78 84 87 86 87 85 83 82 83 84 86 85 80 78 79 84 80 76 80 85 81 78 69 62 62 62 83 100 99 77 73 72 68 71 66 67 78 77 74 77 82 87 92 93 88 93 95 94 97 96 91 90 88 85 89 85
79 77 76 76 81 85 85 84 85 82 81 86 86 84 84 84 82 81 79 80 83 82 85 84 87 80 73 69 69 78 88 82 100 100 77 67 72 72 80 83 79 83 84 82 80 84 83 81 85 86 88 86 83 86 84 79 78 80 77 78 80
79 78 79 79 80 82 84 83 82 80 80 85 85 85 85 86 85 82 81 82 83 87 95 92 88 87 86 80 82 84 88 97 98 99 84 82 91 83 80 83 86 86 88 88 86 84 81 78 78 78 75 76 75 77 79 79 79 84 87 85 85
83 82 82 81 81 81 82 81 81 80 79 83 83 80 80 83 82 80 84 87 85 85 91 90 86 93 90 90 90 88 92 89 85 98 96 94 99 96 91 87 90 87 86 82 82 78 79 80 79 78 76 79 82 83 85 88 88 89 89 87 87
82 81 81 81 80 82 84 84 81 80 83 86 82 81 79 78 80 80 87 85 82 85 81 86 86 88 86 81 85 84 82 72 72 85 85 87 95 98 100 94 84 84 80 80 81 79 78 79 83 85 85 86 87 90 89 88 93 91 88 90 87
80 81 81 81 81 84 86 83 83 84 84 85 82 81 79 78 81 81 84 85 81 82 79 79 83 84 87 78 83 87 85 77 75 78 74 71 76 82 98 96 80 82 87 91 88 84 84 82 83 87 91 91 86 90 92 87 86 82 84 87 87
83 84 83 84 84 81 81 81 87 88 84 83 85 85 84 81 81 81 80 84 84 85 85 84 87 89 91 87 87 90 91 89 90 90 81 78 74 73 88 96 90 91 94 92 84 81 90 93 89 83 81 81 79 83 84 83 84 84 86 83 82
89 90 90 87 87 85 86 89 93 90 87 82 82 86 86 82 81 83 87 86 85 84 88 87 88 91 90 86 84 87 92 93 92 92 92 93 95 90 94 93 92 98 100 94 80 81 90 99 99 91 81 78 77 80 81 82 87 87 87 82 81
87 87 88 90 89 87 86 91 94 94 90 83 83 81 82 82 81 86 91 91 88 87 80 77 79 82 79 76 80 81 83 86 85 81 81 87 91 94 90 86 87 97 100 98 93 93 95 96 99 100 99 94 80 77 82 85 87 86 85 82 83
79 78 79 81 82 83 85 88 88 86 88 86 87 90 89 85 82 88 95 92 86 84 84 85 87 87 87 87 85 83 84 86 90 89 88 88 85 82 83 89 93 99 98 97 100 100 99 98 98 94 98 100 86 81 84 84 85 85 85 84 84
75 76 78 79 79 79 82 86 82 83 82 81 82 86 87 84 82 87 93 90 88 87 88 87 88 91 92 92 90 89 89 89 92 93 94 93 92 88 88 100 100 100 98 100 100 99 96 99 100 99 97 98 92 90 84 81 82 83 82 83 86
